tilan.jpg	149	148	200	155	185	184	140	199	193	209
harindu.jpg	409	365	469	365	441	397	411	424	468	425
jayath.jpg	296	231	389	229	338	269	298	315	386	315
lakshitha.jpg	372	403	513	408	456	483	374	540	505	544
shehan.jpg	419	212	498	219	465	261	418	292	489	299
athavan.jpg	437	315	500	300	465	349	451	377	513	364
kasun.jpg	 955	 620	1073	 629	 993	 701	 946	 735	1081	 745
madusanka.jpg	470	211	568	205	521	269	479	305	573	300
kalana.jpg	514	372	693	371	596	468	526	548	690	545
isuru.jpg	444	245	532	235	504	292	457	332	543	323
nuwantha.jpg	192	118	242	119	215	144	192	169	238	170
piumi.jpg	455	297	509	295	480	325	453	349	514	347
thushanth.jpg	252	493	436	494	352	597	259	689	418	691
hasitha.jpg	468	267	545	252	508	294	483	341	554	330
madusha.jpg	454	183	541	185	494	229	460	282	531	285
insaf.jpg	333	480	502	467	431	581	359	636	511	617
vinoj.jpg	478	425	569	427	537	487	484	541	558	541
dinaj.jpg	409	327	448	326	425	353	411	375	444	373
induni.jpg	213	296	281	293	251	333	211	357	288	355
jathushan.jpg	326	218	376	218	353	245	329	274	369	274
mihiran.jpg	473	186	536	179	519	220	488	259	542	252
amila.jpg	170	147	245	165	219	206	145	229	230	247
satheesh.jpg	491	283	611	318	534	363	464	411	561	443
nuradha.jpg	444	200	551	274	435	300	364	316	471	385
sharada.jpg	160	 93	203	102	180	121	157	140	191	147
migara.jpg	350	592	470	571	433	652	360	703	492	680
rasangika.jpg	 88	159	143	154	115	198	 91	213	149	206
charith.jpg	448	289	521	282	485	331	460	375	526	368
lihini.jpg	166	435	289	447	225	508	151	539	286	549
kuruparan.jpg	508	262	661	268	597	380	515	435	650	437
pubudu.jpg	363	189	424	188	397	223	367	249	421	250
ashan.jpg	367	281	509	285	429	341	368	415	496	419
ramraj.jpg	345	597	447	592	416	650	358	702	453	692
vinod.jpg	504	285	583	303	550	344	486	369	560	384
anushan.jpg	282	230	351	229	317	273	288	303	350	301
tharindu.jpg	572	302	665	295	608	355	582	398	674	392
tishan.jpg	320	263	369	267	339	294	318	314	361	317
nisal.jpg	396	313	507	300	453	363	409	418	521	405
harishanth.jpg	265	175	318	174	286	201	268	229	314	229
thuvaragan.jpg	444	426	582	440	511	516	446	586	558	596
madhushan.jpg	464	380	590	379	527	434	471	511	585	510
dimuthu.jpg	635	124	688	124	664	149	639	178	685	179
priyanthan.jpg	489	353	578	364	541	409	489	452	563	461
kasthuri.jpg	420	438	515	426	475	482	425	525	528	514
buddima.jpg	580	224	658	240	635	272	576	310	643	324
dilshan.jpg	186	397	389	434	202	511	148	635	317	666
hirunima.jpg	143	114	191	116	171	141	140	160	187	160
malith.jpg	1140	 424	1322	 422	1220	 507	1130	 595	1327	 597
isara.jpg	307	211	356	209	328	233	309	257	355	256
coorey.jpg	474	179	513	176	495	199	482	220	513	216
yapa.jpg	323	369	383	378	351	410	316	433	370	442
louise.jpg	238	168	300	163	267	193	242	225	310	221
keerthanan.jpg	451	518	573	587	450	622	382	651	490	713
lalith.jpg	331	264	459	269	404	343	336	399	444	403
vidura.jpg	375	523	536	524	473	625	384	688	534	684
kavisha.jpg	281	352	379	320	364	395	322	453	399	425
nipun.jpg	473	290	548	291	510	328	473	370	544	374
chulaka.jpg	257	128	302	128	280	152	260	177	299	176
yasod.jpg	474	291	540	285	512	325	479	364	547	359
sandaru.jpg	276	221	311	222	287	241	275	258	310	259
athif.jpg	384	418	449	416	416	447	384	478	449	477
thivakaran.jpg	375	200	457	201	410	250	382	296	454	295
ayodya.jpg	292	194	351	194	324	226	292	249	354	249
menusha.jpg	447	313	507	310	474	351	454	381	502	380
chalaka.jpg	352	278	459	289	403	335	346	385	436	400
kavindi.jpg	295	399	368	407	342	438	283	468	366	474
devni.jpg	406	392	537	391	473	469	415	533	527	531
sominda.jpg	348	237	407	234	379	269	350	290	409	288
lahiru.jpg	396	200	456	200	422	223	393	255	458	254
pinto.jpg	481	274	544	265	508	299	490	337	557	328
idame.jpg	308	436	476	459	380	548	296	621	439	640
achini.jpg	297	108	357	126	306	149	281	168	338	185
shaganan.jpg	217	232	350	218	287	293	242	367	354	359
kosala.jpg	303	288	370	283	350	318	322	367	375	360
padmal.jpg	539	432	635	419	570	464	552	538	629	528
tharaka.jpg	 943	 464	1133	 490	1023	 592	 925	 653	1101	 675
charana.jpg	470	454	616	447	540	520	484	611	616	610
niruhan.jpg	335	296	415	294	403	347	344	391	412	390
sakila.jpg	732	284	795	280	754	325	738	354	800	352
mehalathan.jpg	420	160	486	156	454	191	418	221	494	218
anushka.jpg	397	437	564	380	555	510	463	631	619	579
luckshan.jpg	284	 97	326	 98	305	117	284	143	326	143
neerajan.jpg	1173	 739	1228	 734	1199	 770	1179	 798	1232	 793
danuja.jpg	398	239	479	244	435	282	391	314	477	322
suraj.jpg	316	254	399	254	371	308	320	347	399	345
prasanna.jpg	431	257	515	248	480	306	446	345	513	340
hasithar.jpg	386	210	469	203	421	262	396	304	469	300
nimantha.jpg	397	452	471	450	423	499	401	538	468	535
ashira.jpg	447	249	523	246	490	291	452	326	524	322
heshan.jpg	360	355	501	437	423	457	291	493	423	568
udana.jpg	403	254	493	245	452	309	415	354	502	344
pawan.jpg	336	305	423	294	384	337	345	383	433	375
jinani.jpg	418	 93	458	 88	443	115	423	129	460	124
nilanka.jpg	557	272	661	287	610	354	543	387	634	403
nipuna.jpg	221	354	326	341	285	420	238	472	332	458
dulanjana.jpg	420	349	581	285	569	410	493	528	638	469
hasithp.jpg	422	322	480	322	451	352	424	377	479	377
nilakshan.jpg	573	536	662	532	612	588	580	633	660	630
dbanda.jpg	183	349	306	384	245	417	162	461	270	490
beniel.jpg	403	380	545	363	454	462	428	537	558	521
bibile.jpg	257	214	329	216	298	245	261	281	325	283
ramesha.jpg	549	232	671	286	569	339	511	351	618	400
dinesh.jpg	511	198	588	188	547	239	527	278	590	272
lochana.jpg	269	237	329	233	297	271	274	293	330	291
anojan.jpg	201	650	286	650	243	702	201	734	283	739
